0.012293
0.010763
0.010133
0.009453
0.009344
0.009747
0.010725
0.009855
0.009885
0.010485
0.009431
0.010446
0.009361
0.009533
0.010782
0.009620
0.009856
0.010816
0.009803
0.009338
0.010317
0.009200
0.009237
0.010345
0.011087
0.009539
0.009985
0.011042
0.009869
0.009830
0.010460
0.009471
0.009582
0.009352
0.010664
0.010107
0.010390
0.010180
0.009690
0.009899
0.009495
0.010410
0.011078
0.010368
0.015284
0.013895
0.012303
0.012806
0.011911
0.012776
0.012510
0.013468
0.012818
0.012334
0.010422
0.012176
0.009357
0.009135
0.010430
0.010012
0.010135
0.009624
0.009814
0.010815
0.012467
0.013328
0.012597
0.012057
0.012819
0.012251
0.010054
0.011093
0.010126
0.009684
0.012406
0.009425
0.012149
0.009369
0.009956
0.009493
0.009789
0.010555
0.009288
0.009888
0.009748
0.009448
0.009399
0.009862
0.009711
0.010032
0.010904
0.012102
0.012188
0.012677
0.012040
0.011357
0.009853
0.010455
0.010837
0.010359
0.009412
0.009973
0.009618
0.009032
0.010062
0.009249
0.009813
0.010403
0.010158
0.009436
0.009709
0.009702
0.012390
0.012738
0.011905
0.009781
0.010070
0.010429
0.010218
0.009538
0.009155
0.009547
0.009306
0.012479
0.009425
0.009815
0.009927
0.009872
0.009401
0.009148
0.009519
0.010042
0.009962
0.009851
0.010691
0.010714
0.009590
0.009974
0.009120
0.011917
0.012574
0.012470
0.013336
0.012679
0.012281
0.011941
0.012325
0.011804
0.011676
0.011809
0.011870
0.012082
0.012141
0.012147
0.011734
0.009592
0.010412
0.009292
0.012512
0.012671
0.009673
0.010500
0.010315
0.009111
0.009692
0.009194
0.009455
0.009676
0.009410
0.011583
0.014064
0.012837
0.011856
0.012225
0.009704
0.009424
0.010319
0.009582
0.010751
0.013281
0.009743
0.010063
0.009336
0.009097
0.009422
0.009935
0.009505
0.009945
0.010894
0.011736
0.009480
0.010109
0.009392
0.012817
0.009742
0.009318
0.009608
0.009610
0.012260
0.011451
0.009596
0.010459
0.009873
0.009681
0.011718
0.012561
0.011290
0.011418
0.009265
0.009605
0.009382
0.010672
0.009793
0.012880
0.011903
0.012191
0.010104
0.009770
0.010590
0.009246
0.009464
0.009745
0.010171
0.009810
0.009476
0.009944
0.010098
0.009926
0.013597
0.009553
0.009755
0.012160
0.011952
0.012727
0.010522
0.009735
0.010617
0.009426
0.010026
0.010062
0.010060
0.009968
0.009852
0.010349
0.010403
0.009681
0.009478
0.010680
0.011016
0.011660
0.010389
0.009806
0.012238
0.012192
0.009549
0.009450
0.009429
0.010316
0.009893
0.010871
0.009628
0.009924
0.010125
0.010062
0.009031
0.009393
0.010072
0.010748
0.009666
0.010042
0.010893
0.009411
0.009607
0.009166
0.010013
0.012004
0.009916
0.009510
0.010707
0.010818
0.009389
0.010503
0.011665
0.009465
0.009318
0.009349
0.009754
0.012502
0.012321
0.011676
0.012218
0.009560
0.009420
0.010650
0.009581
0.010064
0.011805
0.010683
0.010324
0.010706
0.009339
0.009850
0.010727
0.009933
0.010584
0.010488
0.010263
0.011629
0.012896
0.009845
0.009659
0.010066
0.009630
0.009515
0.010018
0.010907
0.012007
0.011069
0.011036
0.009408
0.009459
0.010276
0.009344
0.009623
0.009920
0.009651
0.009384
0.011888
0.009474
0.009884
0.009540
0.009822
0.009592
0.009792
0.011847
0.009946
0.009548
0.010223
0.010384
0.009451
0.010130
0.012575
0.012983
0.009649
0.009818
0.009951
0.009358
0.010079
0.011881
0.009825
0.010051
0.010825
0.009451
0.010503
0.009337
0.010432
0.011878
0.012601
0.009581
0.010845
0.010514
0.011222
0.011801
0.012506
0.009457
0.011985
0.010249
0.010265
0.010304
0.010446
0.009465
0.009561
0.012028
0.012147
0.012210
0.012373
0.012538
0.012800
0.010441
0.009996
0.010491
0.010090
0.010003
0.010180
0.009926
0.011235
0.010581
0.013479
0.011957
0.009284
0.008861
0.009685
0.010060
0.009639
0.009507
0.009737
0.012398
0.012628
0.012103
0.013003
0.012618
0.009349
0.011570
0.012245
0.012703
0.013028
0.010073
0.010103
0.009459
0.009409
0.009584
0.012377
0.014375
0.013171
0.013290
0.012463
0.009653
0.010221
0.009500
0.009665
0.012052
0.012990
0.012388
0.010765
0.011445
0.009362
0.009154
0.009949
0.011159
0.009365
0.009657
0.010508
0.011628
0.009453
0.009532
0.009153
0.012118
0.009722
0.009860
0.009697
0.010521
0.010511
0.009353
0.010286
0.009359
0.009519
0.010575
0.009464
0.010659
0.010223
0.009722
0.013628
0.012914
0.011832
0.013749
0.011752
0.013499
0.012431
0.012535
0.013025
0.012868
0.010275
0.009702
0.009615
0.009620
0.009363
0.009752
0.009782
0.012678
0.009569
0.010518
0.009212
0.009878
0.009329
0.009548
0.010217
0.010377
0.013466
0.012516
0.012168
0.013245
0.017267
0.014248
0.011165
0.013424
0.034078
0.024500
0.034638
0.020035
0.012875
0.009985
0.010904
0.009535
0.013943
0.010095
0.010788
0.009382
0.016298
0.011885
0.012532
0.012728
0.012002
0.012477
0.012472
0.012289
0.011975
0.009576
0.010539
0.009674
0.010047
0.009519
0.009682
0.010792
0.009583
0.011016
0.011369
0.011994
0.012499
0.012188
0.012436
0.012340
0.012590
0.009743
0.009373
0.009745
0.009704
0.009897
0.010157
0.009255
0.009821
0.010234
0.010776
0.009273
0.009848
0.009944
0.010514
0.012222
0.011114
0.009505
0.009952
0.010353
0.009312
0.009703
0.009204
0.009278
0.010243
0.009689
0.012059
0.010721
0.010009
0.009784
0.009753
0.009925
0.009438
0.009425
0.010135
0.011023
0.009789
0.011069
0.011067
0.009522
0.009892
0.009372
0.009836
0.010227
0.009774
0.009387
0.010105
0.009879
0.009720
0.009760
0.011204
0.012030
0.012855
0.012370
0.012673
0.013339
0.012108
0.012856
0.011843
0.012625
0.011953
0.014683
0.012605
0.013076
0.009916
0.009166
0.010841
0.009153
0.009383
0.010011
0.011146
0.009775
0.009427
0.010900
0.010200
0.009584
0.009612
0.009684
0.009590
0.009934
0.010396
0.010133
0.010021
0.010090
0.009930
0.010383
0.010008
0.009597
0.009735
0.010525
0.009787
0.012928
0.009834
0.013089
0.009541
0.009835
0.010272
0.012114
0.012232
0.012468
0.013095
0.009931
0.009419
0.009216
0.010120
0.009827
0.009613
0.009687
0.010844
0.011147
0.009196
0.011889
0.010090
0.009472
0.010664
0.009448
0.011578
0.010489
0.010180
0.010003
0.009774
0.009772
0.010324
0.009303
0.009686
0.010507
0.010217
0.010092
0.009424
0.009705
0.009807
0.009171
0.009428
0.009683
0.012764
0.012562
0.012402
0.010167
0.014132
0.011541
0.009613
0.010341
0.009961
0.009656
0.009917
0.011334
0.009171
0.009683
0.009917
0.010818
0.009177
0.009876
0.010790
0.011637
0.010158
0.009082
0.010240
0.009697
0.010690
0.009340
0.009727
0.012651
0.012334
0.012927
0.013018
0.012044
0.012014
0.012195
0.012381
0.012485
0.012492
0.012979
0.012480
0.012087
0.011963
0.012215
0.012338
0.012968
0.012615
0.012820
0.012963
0.012588
0.012143
0.012636
0.012297
0.012130
0.012313
0.012426
0.012564
0.010654
0.012404
0.009373
0.010314
0.010378
0.009680
0.009935
0.010006
0.009628
0.009938
0.011194
0.009100
0.009503
0.009803
0.009196
0.009736
0.012453
0.012301
0.012219
0.012348
0.012234
0.012338
0.012006
0.009650
0.009507
0.010779
0.009927
0.009796
0.011667
0.010310
0.011977
0.009576
0.010620
0.011839
0.012305
0.011897
0.012748
0.010392
0.009484
0.010036
0.009095
0.010318
0.010412
0.009853
0.013878
0.009662
0.010274
0.010357
0.010337
0.009514
0.009672
0.009879
0.009246
0.009956
0.009899
0.010139
0.009508
0.011078
0.009912
0.009518
0.009800
0.010545
0.009705
0.010003
0.012432
0.011736
0.012109
0.009634
0.009562
0.009578
0.009764
0.009731
0.009938
0.009889
0.012287
0.013518
0.009369
0.009221
0.009736
0.010128
0.011179
0.012081
0.012588
0.009963
0.010816
0.009492
0.009664
0.009813
0.011012
0.010017
0.010380
0.012344
0.009518
0.010805
0.010045
0.009820
0.010509
0.010833
0.009959
0.010551
0.011443
0.009574
0.010327
0.009812
0.010211
0.010343
0.009439
0.011222
0.009421
0.010205
0.009403
0.012057
0.009789
0.010928
0.010456
0.009811
0.010574
0.011329
0.009959
0.012631
0.009255
0.009112
0.009413
0.009363
0.009468
0.009749
0.010691
0.012225
0.012154
0.012979
0.012072
0.013247
0.011779
0.012343
0.011857
0.012741
0.013939
0.012017
0.011518
0.009798
0.010975
0.009472
0.010181
0.013461
0.011393
0.009910
0.009456
0.009795
0.009581
0.011714
0.009734
0.010470
0.010058
0.010360
0.011214
0.009256
0.009562
0.009109
0.009514
0.009709
0.009383
0.010000
0.009754
0.010230
0.010989
0.009846
0.012492
0.010583
0.009919
0.011052
0.011239
0.009877
0.009814
0.009172
0.009889
0.009170
0.009453
0.010445
0.009492
0.012036
0.012579
0.013610
0.010163
0.011150
0.009665
0.009788
0.010522
0.010337
0.009865
0.010674
0.010599
0.009377
0.010017
0.009708
0.009280
0.010030
0.009422
0.010783
0.009937
0.012182
0.009212
0.009374
0.011745
0.012039
0.012359
0.012183
0.012942
0.009875
0.010588
0.009360
0.009562
0.009217
0.009042
0.010734
0.009167
0.009757
0.011363
0.010087
0.010130
0.009566
0.009006
0.009696
0.012719
0.009724
0.009757
0.011094
0.009959
0.011707
0.012252
0.011542
0.011942
0.012903
0.010272
0.010172
0.010043
0.011361
0.009890
0.010716
0.009613
0.009200
0.010956
0.009629
0.011769
0.010484
0.011217
0.009806
0.009481
0.010789
0.009275
0.010395
0.011748
0.010694
0.010456
0.011072
0.009623
0.009524
0.009406
0.010344
0.009815
0.009382
0.010125
0.009747
0.010018
0.010472
0.009362
0.009224
0.009445
0.009868
0.012120
0.012941
0.012908
0.010225
0.009587
0.009506
0.009221
0.010562
0.010470
0.012196
0.012441
0.012547
0.012294
0.013714
0.009582
0.010254
0.009749
0.009419
0.010956
0.011389
0.009659
0.010233
